# Larch Linear Fit Statistics for 05 best results
# Dataset filename: S400_T30_C_57scans_CAL.nor 
# Larch group: s400_t30_c 
# Array name: mu
# Energy fit range: [12272.000000, 12362.000000]
# N_Data: 134
#---------------------------------
#   fit #         n_varys       n_eval        chi2          chi2_reduced  akaike_info  bayesian_info betaHgS_Fame2020.nor CH3HgCl.xmu.nor CH3HgCys.xmu.nor CH3HgOH.xmu.nor GSH_Hg_ss61.xmu.nor Hg_acetate.xmu.nor Hg_carboxylresin_1.xmu.nor Hg_Gly.xmu.nor  Hg0.xmu.nor  Hg2Cl2.xmu.nor HgCl2.xmu.nor HgCys.xmu.nor HgCys4_ST.xmu.nor HgO_red.xmu.nor HgS_red.xmu.nor IHg_thiolresin.xmu.nor MMHg_carboxylresin.xmu.nor MMHg_Gly.xmu.nor MMHg_thiolresin.xmu.nor  Total       
  1.00000000000    4.00000000000    45.0000000000    0.01233773798    0.00009490568   -1237.25293957   -1225.66158037    0.35222219173    0.00000000000    0.00000000000    0.00000000000    0.00000000000    0.00000000000    0.00000000000    0.00000000000    0.00000000000    0.00000000000    0.00000000000    0.00000000000    0.26920889961    0.02928739375    0.00000000000    0.34114163641    0.00000000000    0.00000000000    0.00000000000    0.99186012150
  2.00000000000    4.00000000000    49.0000000000    0.01299442282    0.00009995710   -1230.30402685   -1218.71266765    0.31562977277    0.00000000000    0.00000000000    0.00000000000    0.06128160116    0.00000000000    0.00000000000    0.00000000000    0.00000000000    0.00000000000    0.00000000000    0.00000000000    0.26296206505    0.00000000000    0.00000000000    0.35177813145    0.00000000000    0.00000000000    0.00000000000    0.99165157044
  3.00000000000    4.00000000000    37.0000000000    0.01316648109    0.00010128062   -1228.54138590   -1216.95002670    0.33757535741    0.00000000000    0.00000000000    0.00000000000    0.00000000000    0.02351030447    0.00000000000    0.00000000000    0.00000000000    0.00000000000    0.00000000000    0.00000000000    0.27047385036    0.00000000000    0.00000000000    0.35995841808    0.00000000000    0.00000000000    0.00000000000    0.99151793033
  4.00000000000    4.00000000000    43.0000000000    0.01339214687    0.00010301651   -1226.26416419   -1214.67280499    0.31963036063    0.00000000000    0.00000000000    0.00000000000    0.00000000000    0.00000000000    0.00000000000    0.02878816643    0.00000000000    0.00000000000    0.00000000000    0.00000000000    0.26001502439    0.00000000000    0.00000000000    0.38316663663    0.00000000000    0.00000000000    0.00000000000    0.99160018809
  5.00000000000    4.00000000000    48.0000000000    0.01364104636    0.00010493113   -1223.79657009   -1212.20521089    0.31225241339    0.00000000000    0.00000000000    0.00000000000    0.00000000000    0.00000000000    0.00000000000    0.00000000000    0.00000000000    0.00000000000    0.02947592596    0.00000000000    0.28171902750    0.00000000000    0.00000000000    0.36797311674    0.00000000000    0.00000000000    0.00000000000    0.99142048359
