# Larch Linear Fit Statistics for 05 best results
# Dataset filename: S400_T30_C_57scans_CAL.nor 
# Larch group: s400_t30_c 
# Array name: mu
# Energy fit range: [12272.000000, 12362.000000]
# N_Data: 134
#---------------------------------
#   fit #         n_varys       n_eval        chi2          chi2_reduced  akaike_info  bayesian_info betaHgS_Fame2020.nor CH3HgCl.xmu.nor CH3HgCys.xmu.nor CH3HgOH.xmu.nor GSH_Hg_ss61.xmu.nor Hg_acetate.xmu.nor Hg_carboxylresin_1.xmu.nor Hg_Gly.xmu.nor  Hg0.xmu.nor  Hg2Cl2.xmu.nor HgCl2.xmu.nor HgCys.xmu.nor HgCys4_ST.xmu.nor HgO_red.xmu.nor HgS_red.xmu.nor IHg_thiolresin.xmu.nor MMHg_carboxylresin.xmu.nor MMHg_Gly.xmu.nor MMHg_thiolresin.xmu.nor HgSR2.xmu.nor  Total       
  1.00000000000    2.00000000000    10.0000000000    0.02580908535    0.00019552337   -1142.35237947   -1136.55669987    0.00000000000    0.00000000000    0.00000000000    0.00000000000    0.00000000000    0.00000000000    0.00000000000    0.00000000000    0.00000000000    0.00000000000    0.00000000000    0.00000000000    0.39261559377    0.00000000000    0.00000000000    0.59492038061    0.00000000000    0.00000000000    0.00000000000    0.00000000000    0.98753597438
  2.00000000000    2.00000000000    10.0000000000    0.03442227906    0.00026077484   -1103.76340433   -1097.96772473    0.58345251964    0.00000000000    0.00000000000    0.00000000000    0.00000000000    0.00000000000    0.00000000000    0.00000000000    0.00000000000    0.00000000000    0.00000000000    0.00000000000    0.00000000000    0.00000000000    0.00000000000    0.00000000000    0.00000000000    0.00000000000    0.00000000000    0.41133803072    0.99479055036
  3.00000000000    2.00000000000    12.0000000000    0.04867979754    0.00036878635   -1057.32434995   -1051.52867035    0.73179081149    0.00000000000    0.00000000000    0.00000000000    0.00000000000    0.00000000000    0.00000000000    0.00000000000    0.00000000000    0.00000000000    0.00000000000    0.00000000000    0.00000000000    0.00000000000    0.00000000000    0.26254082186    0.00000000000    0.00000000000    0.00000000000    0.00000000000    0.99433163335
  4.00000000000    2.00000000000    13.0000000000    0.04927774334    0.00037331624   -1055.68842216   -1049.89274256    0.78286345026    0.00000000000    0.00000000000    0.00000000000    0.21445027568    0.00000000000    0.00000000000    0.00000000000    0.00000000000    0.00000000000    0.00000000000    0.00000000000    0.00000000000    0.00000000000    0.00000000000    0.00000000000    0.00000000000    0.00000000000    0.00000000000    0.00000000000    0.99731372594
  5.00000000000    2.00000000000    12.0000000000    0.05082467360    0.00038503541   -1051.54656097   -1045.75088137    0.00000000000    0.00000000000    0.00000000000    0.00000000000    0.00000000000    0.00000000000    0.00000000000    0.00000000000    0.00000000000    0.00000000000    0.00000000000    0.00000000000    0.26759077749    0.00000000000    0.00000000000    0.00000000000    0.00000000000    0.00000000000    0.00000000000    0.72282465529    0.99041543278
