# Larch Linear Fit Statistics for 05 best results
# Dataset filename: S400_T30_C_57scans_CAL.nor 
# Larch group: s400_t30_c 
# Array name: mu
# Energy fit range: [12272.000000, 12362.000000]
# N_Data: 134
#---------------------------------
#   fit #         n_varys       n_eval        chi2          chi2_reduced  akaike_info  bayesian_info betaHgS_Fame2020.nor CH3HgCl.xmu.nor CH3HgCys.xmu.nor CH3HgOH.xmu.nor GSH_Hg_ss61.xmu.nor Hg_acetate.xmu.nor Hg_carboxylresin_1.xmu.nor Hg_Gly.xmu.nor  Hg0.xmu.nor  Hg2Cl2.xmu.nor HgCl2.xmu.nor HgCys.xmu.nor HgCys4_ST.xmu.nor HgO_red.xmu.nor HgS_red.xmu.nor IHg_thiolresin.xmu.nor MMHg_carboxylresin.xmu.nor MMHg_Gly.xmu.nor MMHg_thiolresin.xmu.nor HgSR2.xmu.nor  Total       
  1.00000000000    3.00000000000    13.0000000000    0.01396988068    0.00010664031   -1222.60465385   -1213.91113445    0.32035016626    0.00000000000    0.00000000000    0.00000000000    0.00000000000    0.00000000000    0.00000000000    0.00000000000    0.00000000000    0.00000000000    0.00000000000    0.00000000000    0.27301405733    0.00000000000    0.00000000000    0.39775353335    0.00000000000    0.00000000000    0.00000000000    0.00000000000    0.99111775694
  2.00000000000    3.00000000000    26.0000000000    0.02147664564    0.00016394386   -1164.97628379   -1156.28276439    0.44403665120    0.00000000000    0.00000000000    0.00000000000    0.00000000000    0.00000000000    0.00000000000    0.00000000000    0.00000000000    0.00000000000    0.00000000000    0.00000000000    0.15632252611    0.00000000000    0.00000000000    0.00000000000    0.00000000000    0.00000000000    0.00000000000    0.39370946942    0.99406864673
  3.00000000000    3.00000000000    38.0000000000    0.02445709590    0.00018669539   -1147.56240771   -1138.86888831    0.00000000000    0.00000000000    0.00000000000    0.00000000000    0.07205117837    0.00000000000    0.00000000000    0.00000000000    0.00000000000    0.00000000000    0.00000000000    0.00000000000    0.37872500837    0.00000000000    0.00000000000    0.53744946651    0.00000000000    0.00000000000    0.00000000000    0.00000000000    0.98822565326
  4.00000000000    3.00000000000    30.0000000000    0.02463633930    0.00018806366   -1146.58391749   -1137.89039809    0.00000000000    0.00000000000    0.00000000000    0.00000000000    0.00000000000    0.00000000000    0.00000000000    0.00000000000    0.00000000000    0.00000000000    0.05503527190    0.00000000000    0.40322401785    0.00000000000    0.00000000000    0.53001096255    0.00000000000    0.00000000000    0.00000000000    0.00000000000    0.98827025231
  5.00000000000    3.00000000000    44.0000000000    0.02500488134    0.00019087696   -1144.59421862   -1135.90069922    0.00000000000    0.00000000000    0.00000000000    0.00000000000    0.00000000000    0.00000000000    0.00000000000    0.00000000000    0.00000000000    0.00000000000    0.00000000000    0.00000000000    0.39810723381    0.00000000000    0.08030472056    0.50959531334    0.00000000000    0.00000000000    0.00000000000    0.00000000000    0.98800726771
